Coefficients: [58642.4654521]
Intercept: -165023.8100979985
